Time (Year)	Penggunaan Jagung : current	Stok Jagung : current	Jagung Tercecer : current	Jagung Benih : current	Jagung Pakan : current	Jagung Industri Makanan : current	"Jagung Industri Non-Makanan" : current	Jagung Food : current	
2018	1.00191e+06	1.00191e+06	50095.5	9017.19	60114.6	0	0	882683	
2019	896250	896250	44812.5	8066.25	53775	0	0	789596	
2020	992068	992068	49603.4	8928.61	59524.1	0	0	874012	
2021	940290	940290	47014.5	8462.61	56417.4	0	0	828395	
2022	964251	964251	48212.6	8678.26	57855.1	0	0	849505	
2023	944395	944395	47219.7	8499.55	56663.7	0	0	832012	
2024	934386	934386	46719.3	8409.47	56063.1	0	0	823194	
2025	917427	917427	45871.4	8256.84	55045.6	0	0	808253	
2026	975108	975108	48755.4	8775.97	58506.5	0	0	859070	
2027	983258	983258	49162.9	8849.32	58995.5	0	0	866250	
2028	991479	991479	49574	8923.31	59488.7	0	0	873493	
2029	999773	999773	49988.6	8997.95	59986.4	0	0	880800	
2030	1.00814e+06	1.00814e+06	50407	9073.25	60488.4	0	0	888171	
