Time (Year)	Penggunaan Kedelai : current	Stok Kedelai : current	Penyediaan Kedelai : current	Penggunaan Kacang Tanah : current	Stok Kacang Tanah : current	Penyediaan Kacang Tanah : current	
2018	101545	101545	551626	1.73486e+06	1.5988e+06	89250.8	
2019	551626	551626	607805	-50790.3	-46807	98396.6	
2020	607805	607805	576420	111092	102380	93279.8	
2021	576420	576420	591446	91763.9	84567.3	95698.5	
2022	591446	591446	579809	96033.4	88501.9	93823.4	
2023	579809	579809	574234	93635.4	86291.9	92902.1	
2024	574234	574234	564312	92839.7	85558.7	91210.9	
2025	564312	564312	599620	91072.3	83929.8	96901.2	
2026	599620	599620	604632	97397.2	89758.8	97694.3	
2027	604632	604632	609687	97719.6	90055.8	98494.2	
2028	609687	609687	614787	98560.1	90830.4	99300.9	
2029	614787	614787	619932	99363.9	91571.2	100114	
2030	619932	619932	625122	100178	92321.8	100935	
